Tyrrell 026
1 0.0567
0.99 0.0537
0.9799 0.0507
0.9599 0.0449
0.9399 0.0392
0.9199 0.0336
0.8999 0.0282
0.8498 0.0152
0.7998 0.0031
0.7498 -0.0083
0.6997 -0.0188
0.6497 -0.0285
0.5997 -0.0373
0.5497 -0.0454
0.4996 -0.0526
0.4496 -0.059
0.3996 -0.0645
0.3496 -0.0692
0.2996 -0.0732
0.2496 -0.0762
0.1996 -0.0778
0.1796 -0.0769
0.1596 -0.075
0.1396 -0.0718
0.1197 -0.0676
0.0997 -0.0622
0.0897 -0.0591
0.0797 -0.0557
0.0698 -0.052
0.0598 -0.0481
0.0548 -0.046
0.0498 -0.0438
0.0448 -0.0416
0.0398 -0.0393
0.0348 -0.0369
0.0298 -0.0345
0.0249 -0.032
0.0199 -0.0294
0.0149 -0.0266
0.0099 -0.0228
0.0049 -0.0168
0.002 -0.0107
0.001 -0.0076
0 0
0.001 0.0079
0.002 0.0109
0.0051 0.0173
0.0101 0.0232
0.0151 0.0271
0.0201 0.03
0.0251 0.0313
0.0301 0.0322
0.0351 0.033
0.0401 0.0338
0.0451 0.0346
0.0501 0.0354
0.0551 0.0361
0.0601 0.0369
0.0701 0.0382
0.0801 0.0395
0.0902 0.0407
0.1002 0.0417
0.1202 0.0436
0.1402 0.0451
0.1602 0.0463
0.1802 0.0472
0.2002 0.048
0.2501 0.0498
0.3001 0.0515
0.3501 0.0527
0.4001 0.0534
0.4501 0.0537
0.5001 0.0535
0.5501 0.0529
0.6001 0.0518
0.65 0.0503
0.7 0.0482
0.75 0.0456
0.8 0.0438
0.85 0.0443
0.9 0.0479
0.92 0.0502
0.94 0.053
0.96 0.0562
0.98 0.0599
0.99 0.0619
1 0.064
1 0.0567