Tyrrell 026
1 0.0603
0.99 0.0573
0.9799 0.0543
0.9599 0.0484
0.9399 0.0426
0.9199 0.037
0.8999 0.0315
0.8498 0.0183
0.7998 0.006
0.7498 -0.0056
0.6997 -0.0163
0.6497 -0.0261
0.5997 -0.0351
0.5497 -0.0434
0.4996 -0.0508
0.4496 -0.0574
0.3996 -0.0631
0.3496 -0.0679
0.2996 -0.0721
0.2496 -0.0753
0.1996 -0.0771
0.1796 -0.0763
0.1596 -0.0744
0.1396 -0.0713
0.1197 -0.0672
0.0997 -0.0619
0.0897 -0.0588
0.0797 -0.0554
0.0698 -0.0518
0.0598 -0.0479
0.0548 -0.0458
0.0498 -0.0436
0.0448 -0.0414
0.0398 -0.0392
0.0348 -0.0368
0.0298 -0.0344
0.0249 -0.0319
0.0199 -0.0293
0.0149 -0.0266
0.0099 -0.0228
0.0049 -0.0168
0.002 -0.0107
0.001 -0.0076
0 0
0.001 0.0079
0.002 0.0109
0.0051 0.0173
0.0101 0.0232
0.0151 0.027
0.0201 0.0299
0.0251 0.0312
0.0301 0.0321
0.0351 0.0329
0.0401 0.0336
0.0451 0.0344
0.0501 0.0352
0.0551 0.0359
0.0601 0.0367
0.0701 0.0379
0.0801 0.0392
0.0902 0.0404
0.1002 0.0413
0.1202 0.0432
0.1402 0.0446
0.1602 0.0457
0.1802 0.0465
0.2002 0.0473
0.2501 0.0489
0.3001 0.0504
0.3501 0.0514
0.4001 0.0519
0.4501 0.0521
0.5001 0.0517
0.5501 0.0509
0.6001 0.0496
0.65 0.0479
0.7 0.0456
0.75 0.0429
0.8 0.0409
0.85 0.0412
0.9 0.0446
0.92 0.0468
0.94 0.0496
0.96 0.0527
0.98 0.0563
0.99 0.0583
1 0.0603